1096.88 840.167 711.417 940.583 1215.67 1095.83 434.75 529.667 461.667 531.167 386.417 462.667 577.75 430 436.583 346.417 453.5 485.5 492.75 490.417 458.25 524.167 512 447.083 417.5 455 453.833 467.75 414.25 448.5 640.167 663.25 690.083 801.167 926 1040.75 899.833 742.5 820.083 785.25 768.417 998.917 1426.17 1515 888.083 476.417 516 642.833 710 
1029.5 940.611 755.111 903.222 1244.56 1209.89 538.222 529.167 511.833 471.944 430.611 528.611 587.333 473.222 460.944 400 444.611 466.667 456.944 385.722 449.111 501.5 451.667 455.833 456.556 451.444 511.111 480.889 459.167 463.833 565.833 878.667 1001.22 844.5 860.944 878.167 765.278 758.944 881 822.444 692.667 764.389 1112.89 1153.61 884.667 533.5 484.444 531.056 611.333 
771.167 721.667 901.611 1103.06 1065 910.5 614.5 510.611 483.389 504.611 508.111 539.556 497.833 411.444 396.556 419.333 478.444 521.556 465.778 435.278 420.889 440.722 414.111 423.056 448.222 431.111 466 512.278 463.056 457.833 523.167 799.611 1274.94 1248 931.944 755.389 786.278 934.722 1078.78 896.389 605.5 588.722 754.556 915.556 830.167 616 534.611 629.056 820.444 
759.583 737.5 1060 1269.72 1221.94 886.278 539.556 497.222 462.778 402.889 429.056 446.444 477.222 454.556 482.611 533.111 499.111 438.389 458.056 489.333 470 485.667 472.111 468 487.611 488.167 457.333 513.444 411.611 468.556 521.056 603.611 1129 1209.78 999.389 762.5 652.389 717.056 794.278 753.278 622.556 681.722 754.889 725.778 582.222 549.5 645.889 710.5 844.389 
993.75 848.944 866.333 995.889 950.222 645.611 469.278 390 424.333 405.444 464.111 453.222 468.556 354.833 423.889 490.444 433.611 469.944 400.5 459.111 461.111 444.889 446.5 443.222 509.389 530.722 459.333 432 409.611 425.667 431.611 444.444 779.833 915.611 827.611 664.5 609.056 646.556 492.167 481.333 535.278 745.167 960.944 952.444 667.222 483.667 884.333 1023.22 776.278 
1038.75 810 855.278 651.333 597.889 461.111 468.333 367.611 479.333 345 447.5 467.889 494.944 507.556 481.111 409.056 426.722 430.722 427.222 468.944 414.444 467.222 425.667 394.722 463.722 494.611 478.556 484.889 476.333 468.833 357.333 422.667 581.167 856.111 1233.28 875.611 842.056 863.833 619.389 499.167 671.667 845 806.722 797.167 653.111 703.278 817.556 812.611 763.611 
1062.83 1035 888.278 768.5 517.722 481.611 468.833 442.389 422.556 412.056 433.556 410.889 413 413.556 470 385.111 409.722 478.5 503.778 424.278 396.056 445.889 397.667 458.778 460.111 415.389 408.556 519.778 479.5 424.556 349.556 399.278 459.167 695.722 1166.89 889.222 771.778 981 774.889 540.222 812.944 1196.56 1045.33 792 863.278 1029 990.056 714.278 691.667 
1133.5 1180.78 855 744.222 479 479.167 458.333 449.833 406.5 422.333 436.222 430.944 450.556 437.611 397.556 391 402.722 437.611 410.222 396.111 420.333 464.5 374.056 408.278 405.333 405.833 432.389 432.444 485.556 466 449.389 387.333 366.5 485 705.111 657.722 521.722 646.944 602.278 519.444 658.5 1100.94 1121.78 730.056 686.778 831.444 974 806.833 550.444 
1327.17 965.722 833.333 776.5 722.778 404.444 470.167 483.611 497.111 443.833 442.667 463.389 412.889 413.056 366.778 430.889 448.889 446.833 396.889 463.056 444.278 423.5 419.556 440.167 442.778 409.667 419.389 431.056 445.778 467 461.778 354.5 370.556 394.667 655 798.167 732.722 678.389 378.722 408.333 521.278 728.778 814 564 506.778 505.556 616.556 521.833 456.556 
1082.08 850 886.333 907.556 986.833 551.389 461.5 425.167 407.167 423.389 423 469.222 404.222 398.333 439.278 376.833 436 313.722 380.778 400.889 444.944 383.056 401.389 421.833 438.556 367.5 389.778 440.833 429.444 447.889 455.778 375.5 399.833 350.722 633.222 895.389 1013.78 859.111 605.056 506.889 578.833 939 901.5 597.833 484.389 424.278 457.056 377.889 455.167 
833.667 929.056 1133.83 1216.56 1077.67 913.056 452.056 396.111 345.389 415.167 413.611 353 352.222 402.889 378.056 403.278 413.944 356.889 404.333 346.056 404.278 373.333 379.056 443.667 432.667 323.389 386 409.833 386.444 401.444 411.556 359.889 346.889 371.833 625.722 938.389 1147.61 1033.17 699.444 571.556 585.722 877.722 1041.5 754.944 492.944 437.944 500.667 578.278 814.667 
741.667 880.889 1113.83 1294 1120.72 1206.22 826.333 452.5 437.278 349.056 328.056 353.611 335.056 414.722 385.389 404.722 309 370.444 372.5 383.111 384.556 374.5 396.889 398.278 430.222 369.5 389.667 351.111 326.944 421.611 421.556 494.278 400.944 437.111 701.667 778.056 999.278 936.556 675.389 564.556 481.889 562.944 652.056 550.444 444.833 372.278 559.222 675.611 907.778 
666.417 734.667 859.222 933.833 976.389 1133.67 1167.44 720.944 591.222 420.889 351.333 375.722 358 359.833 337.111 282.222 266.556 334.778 360.278 417 370.556 332.444 386.722 376.833 365.889 356.556 426.833 376.333 353.556 384.944 356.833 307.333 325.944 464.556 836.111 949.278 810.278 787.222 620.444 460.333 449.444 526.889 445.389 456.889 452.556 391.722 481.167 641.056 769 
697.167 605 675.389 624.278 707.611 788.444 890.167 869.278 1086.61 1021 438.944 424.333 382 353.5 303 416 399.167 339.889 374.722 327.389 303.167 371.222 433.167 413.722 423.111 401 357.722 369.5 406.778 413.778 374.5 399.278 326.5 524.111 710.667 900.944 627.889 608.944 530.056 382.556 417.278 480 471.5 595 752.5 694.778 519.222 757.778 928.222 
738 640.111 597.778 487.278 556.556 561 740.611 995.389 1091.33 1217.44 1163.83 543.5 393 327.222 346.278 397.889 371.222 325.167 323.778 375.556 306.611 357.111 269.778 371.722 378.167 469 412.556 375.278 384 343.944 409.722 398.056 576.944 904.722 677.667 601.889 578.667 857.611 695.444 425.222 437.5 542.444 512.056 508 715.111 699.333 563.722 654.667 708.556 
830 817.778 538.778 492.111 531.667 539.5 577.833 775.778 989.944 1009.22 1062.5 819.444 518.5 415.444 396.278 437.611 367.056 307.667 293.722 363.944 337.556 357.278 249.611 371.222 321.056 332.889 341.778 316.556 394.389 312.278 340.611 374.944 754.667 1161.22 924.389 587 557 870.944 922.111 674 515.611 736.222 839 729.333 626.333 665.111 905.889 876.833 651.833 
888 1026.28 678.611 571.389 693.5 629.722 580.889 776.611 862.111 779.722 655.111 587.778 707.167 695.056 515.889 384.722 345.056 351.278 367.333 344.222 294.222 260.778 331.056 361.333 285.444 322.333 348.389 331.722 370.944 320 308.556 656.278 1056.22 829.278 876.944 866.722 938 659.389 608.222 505.833 573.5 903.556 1109.67 892.333 764.167 878.944 1117.72 1014.78 678.111 
738.667 935.667 735.5 570.5 869.111 806.778 623.944 878.889 911.611 730.556 730.444 870.444 861.444 1078.67 1208.44 945.611 609.944 414.778 436.056 371.278 339.333 324.167 280.333 287.556 315.889 347.389 340.167 331.778 317.167 257.667 402.944 2098.89 1913.11 742.444 788.111 983.5 1150.39 797.056 550.889 489.444 554.833 837.167 1004.11 841.056 732.444 869.722 1003.44 856.444 604.167 
574.25 678.944 686.833 495.167 771.056 775.556 606.444 658.278 786.556 730.222 933 1234.78 1122.61 1045 1195.67 1315.28 1250.17 826.556 406.278 329.889 351.833 359.167 287.833 342 325.167 336.333 353.611 393.444 385.778 293.833 434.778 1563.5 1247 955.611 868.389 848.611 974.833 708.056 747.056 644.833 584.111 821.444 999.722 854.667 916.944 1086.11 918.389 680.5 678 
690.75 640.333 591.722 559.444 538.333 515.944 529.944 529.111 679.056 790.056 669 710.056 579 608.444 989.722 1797.17 1287.22 1780.39 900.611 524 389.444 385.667 311.111 324.889 312.5 269.778 340.222 311.278 311.556 360 635.056 917.278 848.444 864.278 788.333 1011.72 989.056 601.111 931.389 787 765 1110.56 1115.11 840.722 843.444 896.5 759.778 770.833 970.889 
901.333 716.5 667.944 857.833 1048.22 611.389 469.222 593.278 882.5 1019 640.167 432.111 732.944 829.222 588.944 1332.39 936.889 1231.22 923.167 784.778 532.389 443.556 385.111 291.167 321.278 268.056 338.444 342.556 329.333 598.333 940.778 1007.61 844.333 997.056 925.889 998.722 920.444 659.889 894.167 733.722 860.556 1095.17 911.167 783.333 700.056 516 472.056 825.667 1094.28 
700.333 631.167 623.722 952 1185.72 882.722 495.778 542.222 861.667 952.889 714 401.667 641.944 899.278 534.611 973.056 1046.89 914.111 734.556 934.556 751.056 536.944 372.556 268.167 380.611 328.556 430.444 574.056 502.833 750.833 1136.11 1135.44 909.556 1010.61 1057.06 842.722 642.444 713.556 918.389 773.611 697.611 744.722 736.556 891.389 816.278 462.167 370.167 564.111 786.389 
454 485.167 697.5 749.889 933.056 930.167 528.222 544.056 664.556 717.056 704.056 471.944 665.444 736.333 713.056 956.833 1005.17 722.611 620.667 888.944 810.444 584.833 486.222 445.778 715.167 942.722 1017.28 784.333 432 612.278 980.778 974.222 1027.72 1215.56 1304.89 908.944 679.778 623.944 570.944 598.278 522.333 559.833 586.667 629.722 577.389 456.167 482.056 550.611 757.111 
514.167 633.444 947.389 926.556 687.167 667.278 597.333 506.222 479 484.944 466.5 486.833 973.889 896.111 540.167 628 714.5 660.889 576.611 619.778 556.722 425.944 521.611 606.833 923.167 995.444 850 624.778 607.778 741.556 822.889 834.778 1201.72 1336.83 1093.72 1034 994.389 866.167 710.944 620.444 550.5 667.5 603.333 582.167 747.278 725.778 565.111 547.778 658.222 
585.75 706.278 1008.11 1119.5 877.056 547.444 506.611 509.222 586.556 534.111 393.722 470.389 710.778 634.056 466.889 528 563 716.444 610.333 558.333 406.389 456.278 684.722 649.167 708.333 1040.28 680.056 557.944 705.111 880.111 1008.78 997.389 891.5 1015.06 1041.06 994.944 876.333 954.833 1022.5 963.833 876 959.444 743.056 785.056 935.944 753.167 459.5 461.944 477.667 
1006 690.556 877.222 959.778 830.556 548.444 524.556 732.833 830 785.833 548.389 440 482.5 487.722 444.5 441.667 805.167 917.056 634.167 521.722 489.833 653.5 957.778 805.278 626.722 724.333 530.778 528 772.833 811.444 864.333 848.667 1017.72 1169.28 895 686.333 674.5 864.167 809.722 637.056 751.778 726.333 561.722 701.167 729.611 520 454.333 472.389 444.667 
829.917 583.889 552.389 649.389 881.278 887.667 644.167 842.833 937.167 755 563 485.556 556.5 683.944 586.222 537.611 828.389 849.167 563.611 911.111 569.333 610.889 816 645.167 486.556 505.167 414.833 493.278 832.889 1007.56 858.722 698.222 1013.5 983.778 715.944 588.333 663.556 881.611 733.333 535.889 487.667 484.833 524.278 533.778 550.778 579.556 833.833 829.333 590.167 
618.75 626.889 774.944 777 1011.72 1200.28 830 645.278 610 522.222 464.778 406.444 579.889 903.722 937.111 575.333 556.944 543.667 571.389 961.833 554.5 542.056 508.278 565.556 698.944 733.222 470.222 562.111 943.333 1040.33 871.722 725.111 574.056 604.444 635.611 684.111 552.222 649.778 593.944 569 639.611 686.389 550.833 595.5 677.5 596.5 842.556 985.5 770.944 
816.167 694.333 931.5 858 703.611 871.333 771.389 612.167 504.056 420.556 371.111 381.5 507.444 910.444 944.556 550.667 483.333 444.333 493.944 717.444 673.5 469.278 405.778 803.333 895.056 898 592.278 401.333 729.722 852.111 717.667 899.5 771.556 613.222 957 949 683.611 913.056 855.389 656.389 952.5 914.944 652.333 752.278 1062.33 834.611 564.778 777.833 720.778 
764.167 624.111 603.722 543.5 589.556 981.611 946.667 559.944 535.444 766.833 853.444 745.5 543 542.722 558 694.944 802.556 668.111 591.889 1350.67 1492.67 547.444 639 782.556 692.333 596.222 464.833 309.167 410 472.5 530.889 848.556 826.722 614.556 898 1039.06 892.167 968.111 829.111 664.111 924.667 799.111 520.5 605.111 1015.72 850.056 520.667 531.056 401.111 
573.333 517.5 389.611 337 551.944 999.889 1009.67 652.056 507.222 743.889 833.667 733.389 573.333 444.556 481.778 921.056 1088.83 877.833 702.167 1147.89 1645.39 1774.33 724.278 530.389 397.111 396.111 567.333 720.389 818.667 574.389 392.389 494.278 533.222 487.722 791.278 1041.94 1274.22 720.944 473.056 525.778 653.056 594.444 599.333 670.722 671.722 706.667 886.889 917.056 545.056 
503.917 565.722 637.833 469 494.333 712 799.333 674.944 590.111 474.444 449 797.222 863.611 583.222 498.389 929.722 890.833 601.111 690.944 699 983.778 1069.44 641.5 484.722 413.556 458.667 718.389 985.111 930.111 555.5 668.833 583.389 363.389 665.111 819.278 919.889 1039.56 541.833 509.5 433.333 528.056 975.778 896.833 799.778 585.556 783.889 902.556 946.056 720.167 
585.25 829.889 934.333 664.889 415.111 414.833 733.056 959.722 883 533.222 574.778 1019.44 974.833 625.222 421.889 597 522.833 477.389 742.389 861.778 658 602.556 730.889 682.889 542 506.444 588.389 704.722 635.389 579 960.444 854.556 391.278 758.333 817.389 576.611 567.333 656.056 905.111 625.5 438 813.889 929.222 801.333 563.611 864.833 997.5 1009.56 815.667 
851.75 748.944 852.611 669.667 442.611 501.944 755.778 1035.5 967.333 741.5 558.5 812.444 808.889 597.889 387.611 422.778 308 459.333 836.889 978.833 653.667 713.944 1028.83 801.556 624.778 506.556 473.5 477.5 398.833 390.722 670.389 613.167 485.5 557.667 567.722 714.778 673.5 738.5 1047.5 805.556 449.5 572.222 606.333 562.778 481.722 561.5 691.833 841.5 724.889 
1120 1075.5 660.611 459.056 449.333 491.833 574.667 787.611 760.722 613.556 491.444 477.833 467 590.333 766.667 761.444 457.278 629.944 758 708.833 501.833 650.611 842.167 696.889 515.778 642.056 772.833 669.333 446.722 392.889 602.833 827.111 867.556 643.389 645.389 950.944 911.056 692.722 904.611 780.556 490.944 400.278 436.667 483.778 460.278 429.278 629.611 626.833 483.944 
898.833 865 576.722 567.556 662.667 617.389 725.167 927.556 668.278 477.222 552.222 748.833 776.611 647.222 1016.22 1155.94 916.111 1136.44 974.833 847.056 822.667 554.111 441.056 514.944 533.167 899.056 967.444 829.833 487.944 459.333 631.778 750.278 748.444 607.944 665.278 935.722 858.5 665.611 688.333 628.833 456.056 432.389 766.222 942.889 441.278 456.222 780.778 765.611 723.333 
754 493.167 484.944 756.389 912.444 784 614.111 758.944 574.889 405.5 481.167 731.111 981.944 798.667 666.833 1054.44 1050.72 1226.11 1102.39 1156.06 1226.5 846.389 457 480.278 516.556 830.111 1001.11 854.333 509.111 543.556 572.278 546.333 631.444 645.611 674.167 651.778 549.833 591.556 702.944 607.5 426.833 447.278 823.056 1049.11 480.5 397.444 616.333 617.611 1056.67 
1192.42 933.778 540.389 619.944 834.833 786.889 590.667 466 373.889 424.722 567.444 453.944 622.5 677.611 577.5 908.667 1136.22 1088.17 882.389 1027.39 1010.17 846.778 624.611 546.333 438.333 551.722 709.222 595.611 452.5 534.278 670.889 952.722 1010.17 792.278 610.111 588.778 439.889 670.222 881.944 786.389 448.5 467.167 456.833 556.944 428.278 329.389 419.944 466.722 897.833 
973.667 823.167 523.167 541.944 583.778 511.222 535.056 460.833 475.222 672.278 875.444 751 592.667 406.333 504.667 904.611 1222.78 1257.5 895.333 874.389 1057.22 1483.56 806.611 756.833 761.333 527 572.444 522.778 708.889 799.889 740.278 976.167 1094.89 862.611 720.556 861.333 655.056 594.278 759.944 716.556 528.444 580.5 534.833 406.722 485.611 595.389 540.333 536.389 795.167 
598.75 560.944 428.833 568.556 831.278 865.167 615 1004.56 739.222 470.667 689.333 777.167 673.333 473.722 432.111 615.389 888.333 1056.33 932.167 1144.28 758.833 578.111 696 840.667 947.333 679.167 496.722 477.278 893.333 873.944 607.889 681.167 782.389 702.111 690.5 966 767.722 449.444 469.778 548.833 570 827.333 878.778 523.444 526.944 863.611 957.167 723.056 461.722 
477.917 540.056 437.944 478.111 796.333 914.111 630.5 651.944 710.222 496.444 449.833 479.444 438.056 433.222 421.444 516.667 708.778 777.611 885.611 1007.83 690.222 257.333 498.722 778.278 948.278 691 484.5 479.944 901.444 691.278 606.444 892.222 710.444 509.889 499.056 692 650.5 464.833 430.889 453.222 465.944 905.389 1060.28 684.944 360.278 699.111 854.056 622.222 312.833 
520.917 764.944 826.333 609.556 498.056 628.167 520.167 495.111 818.944 826.167 561.722 462 472.556 566.611 440.222 608.611 958.333 937.944 841.5 1027.39 871.833 514.889 572 536.556 579.889 497.167 480.111 473.556 567.889 528.667 628.278 822.778 780.111 522.778 548.889 476.944 469.278 417.722 543.556 558.111 378.556 658.111 856.056 645.778 430.778 486.278 551.722 452.333 382.889 
463.917 681.778 848.611 707 451.611 449.056 474.889 527.444 686.333 787.056 621.444 642.167 819.111 748.944 489.056 560.167 803.833 759.5 712.389 1430.72 1301.17 736.722 618.944 348.833 437.556 491.611 552.333 380.611 358.778 477.833 516.944 517.222 598.333 494.111 664.389 501 416.167 420.611 744.778 754.556 478.667 456.778 561.167 440.056 404.833 525.167 558.611 388.833 334.222 
617.75 495.611 502.222 438.278 353.667 371.056 439.889 601.5 611.444 592.167 505.944 721.056 887.778 768.5 513.833 423.833 486.111 448.111 777.889 1314.28 1059.28 709.333 753.333 575.611 620.167 697.833 603.333 413.611 516 764.111 637.556 485.111 598.944 499.5 722.444 933.556 783.944 546.889 738.167 828.5 497.444 463.222 522.667 397.778 463.833 726.833 829.167 598.611 400.056 
829.333 650.222 463.389 408.056 442.833 361.833 498 827.5 926.278 774.667 507.222 519.889 652.889 732.278 548.667 433.333 522.278 514.944 843.722 1060.83 756.444 808.778 978 684.278 836.167 938.222 658.5 498.667 643.556 866.889 653.056 429.333 791.5 547.111 796.5 1092.78 995 820.667 720.111 687 575.667 772.333 721.222 441.722 488.389 740.556 916.278 665.556 430.111 
742.667 650.056 553.778 732.222 746.667 512.556 561.278 851.111 909.667 799.333 504.333 391.5 624.111 899.056 791.722 550.167 761.889 724.722 757.333 637.056 556.778 666.167 930 709.611 911.333 1091.39 858.889 533.833 495.778 667.056 500.278 592.389 933.389 581.611 704.333 923.333 821.5 881.056 787.056 700 850.778 956.944 850.5 576.111 547.222 609 597.389 460.333 445.333 
827.833 673.222 579.556 769.167 886.444 645.222 832.889 1009.94 892.778 636.111 405 418.889 637.889 968.5 883.556 809.5 1043.28 996.611 1119.67 695.444 608.278 669.167 698 629.056 789.778 949.5 802.5 504.444 412.167 487.222 431 625.167 888.167 577.056 544.167 524 608.556 1048.22 1315.06 1346.28 1466.44 1040.5 782.167 547.444 632.556 716.944 739.889 531.556 530.667 
1037.08 895.389 632.5 578.444 650.889 609.111 1014.61 1100.11 861.333 825.889 720 675.444 785.444 1108.11 1113.06 1052.17 1172.89 1136.78 1182.22 876.389 636.667 598.222 501.5 530.389 545.167 725.667 678.778 594.722 605.056 610.389 510.722 677.111 611.889 507.667 419.833 482.611 755.278 1110.44 1117.83 949.167 1112 1028.06 846.222 853.333 931 1044.78 1150.11 907.333 857.444 
956.833 768.944 650.333 600.833 454.5 425.722 681.889 810.722 759.611 956.944 1093.28 904.556 927.611 1560.94 1324.89 2036.06 1272.39 1125.11 751.833 806.056 658.111 558.222 599.5 831.389 867.944 793.611 762.611 883.389 815.056 756.611 589.222 668.278 549.722 553.889 483.5 686.667 956.444 1043.89 740.333 740.833 887.611 1044.22 981.556 974.778 1036.17 1040 1042.83 1023.17 1107.89 
