-1.17407 -1.18956 -1.21673 -1.28337 -1.41234 -1.42478 -1.47419 -1.51883 -1.55038 -1.56042 -1.5678 -1.5652 -1.56422 -1.57882 -1.59556 -1.59942 -1.6035 -1.60501 -1.60599 -1.60625 -1.60532 -1.60569 -1.60556 -1.60303 -1.59997 -1.59322 -1.5818 -1.56451 -1.55622 -1.54276 -1.48778 -1.43393 -1.4267 -1.42562 -1.42525 -1.42365 -1.421 -1.41825 -1.41549 -1.41274 -1.40998 -1.40201 -1.38095 -1.3774 -1.3739 -1.37099 -1.36411 -1.33798 -1.32971 
-1.15398 -1.14922 -1.19436 -1.28881 -1.40533 -1.43018 -1.4501 -1.53639 -1.52413 -1.57395 -1.6238 -1.58807 -1.59476 -1.57627 -1.57332 -1.60445 -1.61746 -1.61801 -1.61932 -1.59464 -1.60377 -1.57871 -1.63225 -1.63065 -1.61192 -1.60464 -1.60495 -1.59844 -1.55648 -1.55408 -1.51519 -1.4715 -1.43624 -1.46182 -1.41806 -1.43069 -1.43607 -1.43589 -1.42261 -1.41255 -1.43724 -1.40969 -1.38033 -1.38677 -1.39699 -1.38832 -1.34528 -1.33117 -1.32824 
-1.15176 -1.1636 -1.19231 -1.29201 -1.37933 -1.44947 -1.47344 -1.5488 -1.56416 -1.59547 -1.59313 -1.59775 -1.60272 -1.57461 -1.57151 -1.62313 -1.6148 -1.62135 -1.6166 -1.62734 -1.6218 -1.58554 -1.6304 -1.61858 -1.59568 -1.59753 -1.58189 -1.6006 -1.57799 -1.56628 -1.52074 -1.44999 -1.43718 -1.44751 -1.41157 -1.36254 -1.38518 -1.42942 -1.42685 -1.42575 -1.41403 -1.43228 -1.4132 -1.3972 -1.41527 -1.39196 -1.38892 -1.35856 -1.31821 
-1.14974 -1.17149 -1.19919 -1.30269 -1.39097 -1.42841 -1.45752 -1.52653 -1.55603 -1.58725 -1.60446 -1.5609 -1.60871 -1.6139 -1.58512 -1.58881 -1.59639 -1.60031 -1.60343 -1.63563 -1.58465 -1.61213 -1.60594 -1.57351 -1.58931 -1.57701 -1.60442 -1.57784 -1.59034 -1.58193 -1.54264 -1.48305 -1.45002 -1.41769 -1.46235 -1.42761 -1.41048 -1.40017 -1.41701 -1.4169 -1.44578 -1.41689 -1.43807 -1.40912 -1.40718 -1.4268 -1.39832 -1.32089 -1.23614 
-1.14882 -1.15788 -1.21286 -1.33384 -1.3939 -1.40724 -1.45639 -1.49179 -1.54232 -1.5778 -1.58281 -1.56446 -1.59041 -1.57378 -1.56108 -1.54648 -1.58225 -1.60453 -1.59995 -1.60557 -1.57728 -1.60163 -1.57151 -1.5653 -1.56334 -1.56817 -1.56413 -1.53178 -1.51499 -1.51485 -1.48151 -1.4532 -1.41992 -1.40771 -1.39218 -1.39676 -1.41096 -1.43071 -1.41267 -1.41022 -1.4273 -1.40875 -1.40916 -1.41291 -1.41907 -1.38693 -1.39161 -1.31497 -1.25052 
-1.1477 -1.18176 -1.20666 -1.25914 -1.34237 -1.38836 -1.44615 -1.49761 -1.51476 -1.5735 -1.56812 -1.58692 -1.54363 -1.53187 -1.54928 -1.54645 -1.55278 -1.55212 -1.57812 -1.5892 -1.5704 -1.56363 -1.55129 -1.54035 -1.53764 -1.53869 -1.47521 -1.46712 -1.47485 -1.47737 -1.46674 -1.43066 -1.41152 -1.41313 -1.40147 -1.39769 -1.39538 -1.4025 -1.39809 -1.39738 -1.41211 -1.42236 -1.41722 -1.40281 -1.38719 -1.35846 -1.3496 -1.27258 -1.23698 
-1.14612 -1.13651 -1.18828 -1.23544 -1.26318 -1.37338 -1.38256 -1.463 -1.49038 -1.50439 -1.52897 -1.52476 -1.51484 -1.48622 -1.45287 -1.47871 -1.47527 -1.4766 -1.48748 -1.51777 -1.54827 -1.51214 -1.479 -1.47828 -1.48102 -1.42518 -1.40622 -1.4048 -1.45124 -1.45604 -1.47153 -1.4171 -1.42557 -1.39552 -1.3972 -1.40109 -1.38448 -1.38142 -1.38527 -1.38276 -1.36395 -1.35697 -1.33466 -1.34431 -1.31294 -1.29156 -1.28174 -1.26145 -1.24568 
-1.14325 -1.14004 -1.16427 -1.20824 -1.21246 -1.27751 -1.31907 -1.33284 -1.3784 -1.38962 -1.41853 -1.37426 -1.36947 -1.38391 -1.38177 -1.36443 -1.36435 -1.35941 -1.38053 -1.40195 -1.39739 -1.38713 -1.39558 -1.36534 -1.34606 -1.27962 -1.29016 -1.3278 -1.37712 -1.3806 -1.37876 -1.34709 -1.36502 -1.35142 -1.35446 -1.37081 -1.34457 -1.33617 -1.30481 -1.33417 -1.31041 -1.30449 -1.28622 -1.2658 -1.24375 -1.2431 -1.21071 -1.24373 -1.23301 
-1.13873 -1.14616 -1.11807 -1.12007 -1.21034 -1.22182 -1.23211 -1.24363 -1.26308 -1.26526 -1.24987 -1.25307 -1.23936 -1.29971 -1.28402 -1.24436 -1.2184 -1.20984 -1.27589 -1.2617 -1.23328 -1.24136 -1.233 -1.25332 -1.24973 -1.2188 -1.17741 -1.24 -1.24155 -1.2444 -1.25542 -1.26377 -1.27639 -1.28621 -1.28888 -1.25711 -1.24563 -1.28098 -1.25557 -1.27553 -1.256 -1.24299 -1.23809 -1.21316 -1.20846 -1.21456 -1.22942 -1.21686 -1.21482 
-1.11702 -1.06802 -1.04207 -1.12572 -1.15802 -1.15558 -1.20052 -1.16819 -1.20536 -1.21731 -1.18985 -1.16671 -1.16758 -1.21546 -1.18231 -1.14377 -1.14289 -1.14867 -1.13086 -1.17685 -1.19532 -1.1717 -1.16268 -1.14789 -1.14955 -1.16658 -1.13546 -1.17563 -1.17037 -1.15505 -1.15429 -1.15849 -1.1712 -1.18347 -1.19378 -1.16344 -1.20641 -1.18784 -1.19168 -1.23507 -1.2104 -1.20918 -1.20612 -1.19261 -1.19291 -1.19277 -1.1853 -1.18657 -1.15517 
-0.96096 -0.88442 -0.904851 -1.03505 -1.08603 -1.10621 -1.10903 -1.09489 -1.13928 -1.14859 -1.11357 -1.12137 -1.12368 -1.13529 -1.11677 -1.11555 -1.10195 -1.12413 -1.10269 -1.12512 -1.1268 -1.13284 -1.12123 -1.1376 -1.12029 -1.10374 -1.08667 -1.11855 -1.11502 -1.11358 -1.13008 -1.12348 -1.11295 -1.12183 -1.11575 -1.1264 -1.13585 -1.15648 -1.13173 -1.13449 -1.1712 -1.16135 -1.15717 -1.15036 -1.14391 -1.13614 -1.1227 -1.12024 -1.14783 
-0.696044 -0.731684 -0.801782 -0.910822 -0.969005 -0.989773 -0.990616 -1.02523 -1.01868 -1.01648 -1.03458 -1.06264 -1.071 -1.06135 -1.06775 -1.04575 -1.10064 -1.07881 -1.07963 -1.06235 -1.06246 -1.09027 -1.07177 -1.04751 -1.04286 -1.04951 -1.05706 -1.07947 -1.05557 -1.07505 -1.11367 -1.13142 -1.06975 -1.07545 -1.08065 -1.07381 -1.09203 -1.08115 -1.10247 -1.09463 -1.10104 -1.11653 -1.1067 -1.08216 -1.10445 -1.07569 -1.05004 -1.04616 -1.05322 
-0.691742 -0.691589 -0.719371 -0.761951 -0.849615 -0.85789 -0.923397 -0.906049 -0.923264 -0.925167 -0.926647 -0.934078 -0.947316 -1.03434 -1.01437 -1.00437 -1.01725 -1.04232 -1.05005 -1.02848 -1.03205 -1.0224 -1.01621 -0.946776 -0.931754 -0.94122 -0.965098 -0.994165 -0.95756 -1.01473 -1.06287 -1.04924 -1.01073 -1.02737 -0.995032 -0.989833 -1.01818 -1.03808 -1.02549 -1.0442 -1.04863 -1.05461 -1.03869 -1.02822 -1.01592 -0.960853 -0.948705 -0.96072 -0.978153 
-0.687452 -0.681094 -0.709554 -0.716003 -0.751872 -0.75929 -0.822089 -0.839265 -0.838152 -0.83003 -0.834425 -0.825063 -0.82916 -0.846314 -0.89748 -0.915686 -0.9617 -0.967584 -1.00322 -0.939053 -0.961263 -0.925399 -0.865311 -0.856201 -0.823761 -0.821886 -0.877385 -0.872031 -0.859738 -0.855201 -0.877768 -0.891816 -0.900611 -0.897579 -0.936387 -0.930281 -0.944562 -0.905106 -0.906473 -0.938106 -0.904496 -0.914623 -0.905023 -0.877027 -0.902709 -0.875781 -0.887646 -0.895202 -0.887471 
-0.684206 -0.704388 -0.710293 -0.697899 -0.706452 -0.721614 -0.743178 -0.74967 -0.784786 -0.757231 -0.746558 -0.747392 -0.77561 -0.767919 -0.764556 -0.837692 -0.853046 -0.877703 -0.885868 -0.854194 -0.845721 -0.818293 -0.801456 -0.780181 -0.745025 -0.775016 -0.784962 -0.784833 -0.7686 -0.744524 -0.792781 -0.792783 -0.776585 -0.794968 -0.823838 -0.817186 -0.836855 -0.818355 -0.834196 -0.808366 -0.79937 -0.800718 -0.773792 -0.79906 -0.803076 -0.855975 -0.823389 -0.842426 -0.847187 
-0.680014 -0.692165 -0.679369 -0.700693 -0.693366 -0.70125 -0.69384 -0.69428 -0.69628 -0.732608 -0.722202 -0.7427 -0.738315 -0.719855 -0.668467 -0.702748 -0.73947 -0.758361 -0.755051 -0.77547 -0.782266 -0.763411 -0.755079 -0.76904 -0.748421 -0.754626 -0.743809 -0.724919 -0.703643 -0.738976 -0.727634 -0.708049 -0.71712 -0.718586 -0.763789 -0.775815 -0.759774 -0.748419 -0.72384 -0.745475 -0.737321 -0.730381 -0.713948 -0.726984 -0.74062 -0.778284 -0.7939 -0.772522 -0.780241 
-0.672613 -0.670118 -0.640174 -0.689817 -0.647851 -0.64845 -0.641744 -0.674078 -0.685401 -0.644468 -0.670121 -0.666243 -0.656892 -0.68145 -0.637644 -0.651384 -0.675885 -0.676061 -0.705185 -0.694992 -0.699651 -0.749812 -0.715175 -0.712708 -0.695846 -0.709276 -0.717691 -0.66087 -0.652764 -0.676962 -0.662343 -0.680974 -0.648285 -0.668813 -0.727271 -0.695652 -0.710038 -0.699663 -0.70594 -0.695994 -0.719214 -0.693414 -0.671338 -0.665001 -0.668 -0.699058 -0.72884 -0.754527 -0.717129 
-0.610185 -0.57877 -0.596857 -0.595984 -0.606816 -0.617697 -0.650313 -0.622317 -0.595624 -0.603608 -0.602265 -0.607057 -0.586113 -0.592246 -0.590925 -0.595096 -0.597247 -0.602154 -0.57989 -0.575629 -0.613709 -0.610163 -0.638482 -0.637144 -0.655393 -0.648375 -0.621278 -0.595291 -0.622052 -0.650651 -0.633175 -0.632143 -0.612304 -0.621413 -0.648629 -0.683691 -0.634612 -0.634973 -0.630796 -0.645764 -0.648287 -0.603336 -0.615139 -0.618782 -0.619809 -0.636825 -0.645681 -0.648346 -0.647353 
-0.531091 -0.512304 -0.538373 -0.49691 -0.546788 -0.562994 -0.553307 -0.539128 -0.513536 -0.516157 -0.495594 -0.520929 -0.504379 -0.504438 -0.510598 -0.512559 -0.531008 -0.487332 -0.509788 -0.476476 -0.482224 -0.457363 -0.441221 -0.504039 -0.545605 -0.544317 -0.522342 -0.547407 -0.565937 -0.548326 -0.554445 -0.597546 -0.572214 -0.547042 -0.571514 -0.561142 -0.560348 -0.575252 -0.562249 -0.57347 -0.538003 -0.534009 -0.521834 -0.557979 -0.5329 -0.557577 -0.570173 -0.553965 -0.557836 
-0.404435 -0.39424 -0.413421 -0.408979 -0.402533 -0.446041 -0.435137 -0.451229 -0.407273 -0.405338 -0.408599 -0.428604 -0.411318 -0.417917 -0.428798 -0.436525 -0.465916 -0.421777 -0.425269 -0.39001 -0.385277 -0.323474 -0.316942 -0.368714 -0.433595 -0.4038 -0.398874 -0.379897 -0.437277 -0.446401 -0.432741 -0.440777 -0.465091 -0.475002 -0.449872 -0.462557 -0.444132 -0.447752 -0.438185 -0.479047 -0.473712 -0.434226 -0.466023 -0.474496 -0.441372 -0.494398 -0.473703 -0.466712 -0.424957 
-0.23655 -0.279042 -0.284575 -0.289888 -0.35064 -0.342668 -0.327208 -0.314753 -0.360992 -0.340418 -0.327745 -0.335261 -0.343436 -0.321329 -0.370841 -0.371269 -0.366854 -0.34605 -0.310213 -0.333585 -0.302518 -0.267959 -0.252981 -0.240546 -0.272336 -0.261202 -0.302937 -0.307677 -0.298709 -0.316337 -0.331296 -0.342791 -0.345813 -0.361916 -0.362789 -0.351532 -0.344842 -0.3624 -0.357268 -0.355502 -0.345476 -0.325472 -0.3258 -0.337706 -0.352141 -0.361853 -0.338043 -0.408133 -0.360587 
-0.226587 -0.207408 -0.231149 -0.235155 -0.256732 -0.281818 -0.28217 -0.288083 -0.272146 -0.275449 -0.266756 -0.270878 -0.28279 -0.283447 -0.291227 -0.294275 -0.299811 -0.254633 -0.252207 -0.242396 -0.247814 -0.246805 -0.242305 -0.219599 -0.22971 -0.219474 -0.272963 -0.265999 -0.26024 -0.248114 -0.213936 -0.279986 -0.271847 -0.264994 -0.294163 -0.285845 -0.26899 -0.253693 -0.265989 -0.284863 -0.296373 -0.27875 -0.259433 -0.278591 -0.28514 -0.260432 -0.269605 -0.264062 -0.27256 
-0.21031 -0.195843 -0.175627 -0.218704 -0.207195 -0.237399 -0.232196 -0.229644 -0.222616 -0.209291 -0.205691 -0.217868 -0.214154 -0.220857 -0.223064 -0.230956 -0.226055 -0.216054 -0.226779 -0.201994 -0.200032 -0.202655 -0.211341 -0.174672 -0.217644 -0.188573 -0.178544 -0.175466 -0.186999 -0.187849 -0.200389 -0.215975 -0.218527 -0.22671 -0.239581 -0.218514 -0.245582 -0.208775 -0.238573 -0.220747 -0.211798 -0.228993 -0.208935 -0.263372 -0.235541 -0.221635 -0.218556 -0.227607 -0.21189 
-0.101587 -0.0756613 -0.0984399 -0.0835685 -0.11218 -0.136823 -0.161863 -0.107113 -0.112682 -0.133729 -0.124838 -0.156995 -0.110716 -0.144453 -0.158156 -0.127638 -0.13187 -0.146045 -0.137703 -0.169175 -0.156905 -0.162633 -0.144758 -0.124801 -0.148825 -0.142215 -0.113497 -0.116738 -0.146313 -0.1239 -0.131387 -0.145899 -0.130445 -0.157797 -0.166423 -0.160724 -0.179679 -0.159642 -0.164057 -0.143569 -0.164325 -0.145085 -0.153585 -0.188705 -0.184948 -0.174483 -0.191903 -0.166759 -0.138766 
0.0410938 0.00487845 0.014259 0.0190406 -0.0037128 0.00541669 0.00108025 0.0210109 0.0186996 0.0355332 -0.00549987 -0.0263844 -0.0441549 -0.0694877 -0.0186276 -0.00904194 0.00132084 -0.0304267 -0.0356764 -0.0242981 -0.0140816 -0.028726 -0.0388006 -0.0246402 -0.0564366 -0.0454113 -0.0503995 -0.025095 -0.0744637 -0.0829782 -0.058128 -0.0941286 -0.0690675 -0.0532918 -0.0481199 -0.060897 -0.067558 -0.0521528 -0.0512958 -0.0496413 -0.0858268 -0.080366 -0.0766533 -0.121389 -0.0980437 -0.115591 -0.0741085 -0.0947737 -0.0971726 
0.0765171 0.0985262 0.0579149 0.0460539 0.0720099 0.093484 0.0759127 0.0933617 0.0947161 0.0919829 0.0885481 0.0935304 0.0973479 0.0627553 0.0579524 0.0704807 0.0498465 0.0755646 0.0793734 0.0828908 0.0795736 0.0747927 0.0206754 0.0506032 0.0660852 0.0341074 0.0546194 0.0609594 0.0337805 0.0294468 0.0609495 0.0662508 0.0239237 0.0398388 0.0433606 0.0410007 0.0333172 0.054103 0.0355797 0.00702272 0.026634 0.0212737 0.0390173 -0.0143 -0.0120886 -0.0241102 -0.0175328 0.00960522 -0.00373722 
0.181977 0.193694 0.164051 0.168517 0.145197 0.197935 0.158802 0.144455 0.159467 0.155552 0.149764 0.167974 0.181362 0.179745 0.134839 0.115029 0.146184 0.124673 0.121623 0.185443 0.128495 0.109701 0.11636 0.113669 0.129651 0.116951 0.141123 0.160785 0.134669 0.147228 0.137074 0.138079 0.133075 0.126224 0.114971 0.106704 0.122072 0.155026 0.140126 0.125638 0.120865 0.0967816 0.100225 0.114236 0.137707 0.131059 0.111763 0.116506 0.102329 
0.221103 0.20474 0.216357 0.227731 0.224261 0.240766 0.213751 0.200375 0.21519 0.21769 0.212025 0.208152 0.226166 0.243748 0.202871 0.205773 0.201579 0.202907 0.211961 0.221341 0.235067 0.230821 0.232188 0.194552 0.197718 0.20979 0.223281 0.227106 0.179856 0.21328 0.20137 0.210614 0.213992 0.215377 0.262695 0.22501 0.211722 0.20773 0.216244 0.246477 0.225341 0.204178 0.179992 0.19369 0.182898 0.187971 0.18993 0.173734 0.166183 
0.302732 0.300918 0.316906 0.301775 0.300198 0.301694 0.316498 0.25933 0.288074 0.285528 0.301084 0.302136 0.274542 0.295688 0.283158 0.318008 0.317057 0.323679 0.316573 0.306156 0.315419 0.304186 0.29403 0.27754 0.255373 0.249113 0.262971 0.287819 0.293842 0.307878 0.265803 0.274969 0.274164 0.292491 0.311169 0.28989 0.268852 0.292175 0.261541 0.26999 0.269885 0.273933 0.248922 0.240503 0.213239 0.238428 0.220451 0.205913 0.228879 
0.409917 0.392339 0.415125 0.390473 0.397267 0.390533 0.372554 0.368031 0.373083 0.361297 0.408346 0.387015 0.368327 0.366686 0.35703 0.387046 0.363501 0.399266 0.391858 0.397711 0.374562 0.377133 0.398404 0.35163 0.351372 0.35581 0.346423 0.348242 0.348703 0.343201 0.350527 0.325477 0.310781 0.350412 0.341365 0.346436 0.340992 0.376035 0.362157 0.319635 0.326686 0.32422 0.298393 0.311043 0.287851 0.239087 0.22522 0.223344 0.205064 
0.456023 0.477389 0.442155 0.441636 0.452694 0.468094 0.431198 0.441177 0.421173 0.450644 0.473188 0.479068 0.48879 0.50342 0.45975 0.460146 0.4262 0.440569 0.45323 0.462279 0.443549 0.439307 0.458126 0.432716 0.432981 0.423238 0.416195 0.433873 0.406335 0.442417 0.443595 0.423083 0.42563 0.447511 0.473187 0.45817 0.430004 0.444192 0.428716 0.406694 0.406207 0.426561 0.425205 0.374163 0.342577 0.310914 0.27084 0.240172 0.227156 
0.466348 0.487813 0.475399 0.466741 0.501128 0.532612 0.517752 0.510622 0.525941 0.533008 0.534324 0.551751 0.544767 0.546663 0.525652 0.503519 0.50294 0.493878 0.522311 0.512768 0.491431 0.51279 0.4978 0.512254 0.517647 0.516636 0.495709 0.516583 0.506041 0.523062 0.50373 0.528785 0.524384 0.577154 0.552278 0.525453 0.539923 0.517327 0.529484 0.55662 0.518942 0.558597 0.500986 0.525003 0.505217 0.479326 0.451006 0.346845 0.352795 
0.547552 0.560602 0.592761 0.548851 0.575462 0.58131 0.599961 0.5891 0.589627 0.615178 0.614789 0.619564 0.614686 0.608543 0.596334 0.580526 0.586579 0.578966 0.592015 0.598028 0.592807 0.639497 0.606658 0.598523 0.61619 0.576383 0.558092 0.587019 0.601544 0.607151 0.593171 0.618515 0.600708 0.632854 0.627409 0.603503 0.597391 0.616344 0.61856 0.58701 0.599218 0.587492 0.595262 0.615943 0.587078 0.556956 0.521819 0.555092 0.552914 
0.641778 0.645772 0.645933 0.686414 0.683946 0.683805 0.647475 0.648302 0.681814 0.699519 0.669742 0.685258 0.678382 0.683142 0.685009 0.690143 0.680753 0.706167 0.699329 0.693735 0.70663 0.705852 0.680077 0.682898 0.69314 0.690957 0.68317 0.683397 0.690572 0.646126 0.687612 0.690191 0.691249 0.676416 0.659924 0.674238 0.70431 0.671849 0.663797 0.674532 0.648194 0.656945 0.639809 0.65037 0.651578 0.635368 0.632879 0.66918 0.65609 
0.790903 0.787678 0.760862 0.804426 0.800802 0.777203 0.752663 0.773354 0.791791 0.788484 0.782046 0.772695 0.775437 0.76531 0.778196 0.777272 0.77905 0.784078 0.787815 0.778258 0.839357 0.820305 0.779228 0.765494 0.756543 0.788167 0.762675 0.781516 0.751519 0.742806 0.7728 0.76227 0.753661 0.730142 0.716121 0.731778 0.760758 0.742569 0.728674 0.748511 0.778276 0.749987 0.763339 0.765395 0.740685 0.721545 0.722246 0.682213 0.709227 
0.865425 0.875236 0.869075 0.83803 0.854747 0.873556 0.85113 0.873309 0.87908 0.899682 0.903324 0.890654 0.872222 0.879024 0.833919 0.835626 0.825696 0.862661 0.882126 0.873843 0.867763 0.879138 0.854528 0.839558 0.829214 0.85749 0.822059 0.83363 0.848747 0.811751 0.830208 0.825858 0.843716 0.799254 0.828963 0.806927 0.830329 0.824987 0.802276 0.794151 0.828661 0.819395 0.842284 0.834737 0.845764 0.830216 0.800283 0.748977 0.72223 
0.923722 0.936036 0.941009 0.904059 0.936687 0.921517 0.925685 0.902254 0.940007 0.946669 0.953893 0.944752 0.973227 0.948187 0.931609 0.935354 0.977291 0.947868 0.949733 0.943794 0.955233 0.938048 0.930655 0.925873 0.931396 0.907371 0.884288 0.90228 0.908464 0.90619 0.918989 0.921508 0.928803 0.895745 0.864285 0.890333 0.933173 0.903298 0.915934 0.936112 0.889231 0.921575 0.909853 0.910959 0.897558 0.901362 0.891224 0.835694 0.849106 
1.00952 1.01894 0.981653 0.997843 0.975187 1.01399 1.04774 1.04523 1.05503 1.06362 1.0633 1.03872 1.04258 1.04218 1.05248 1.0442 1.02412 1.04351 1.04387 1.04562 1.04339 1.01579 1.04564 1.03146 1.01311 0.999851 0.990433 1.00151 1.0087 1.01446 1.02537 1.01422 1.00283 0.987704 1.02201 1.02846 1.04514 1.02485 1.00931 0.991983 0.994089 0.994315 0.99517 0.985413 0.988302 1.01119 1.00912 0.955074 0.962626 
1.0809 1.07462 1.09446 1.09829 1.09828 1.12216 1.11338 1.13354 1.1252 1.11893 1.11516 1.11751 1.12979 1.1382 1.13687 1.08439 1.07579 1.09369 1.11955 1.09649 1.13343 1.1098 1.1275 1.13141 1.12696 1.09668 1.08707 1.09095 1.09884 1.13161 1.13762 1.10483 1.07686 1.05568 1.08633 1.08455 1.11444 1.09561 1.09193 1.06692 1.07833 1.08789 1.0728 1.07937 1.08308 1.08923 1.06454 1.03595 1.02589 
1.1663 1.14608 1.15776 1.15836 1.16623 1.15233 1.14578 1.16255 1.16701 1.1557 1.15916 1.16722 1.15491 1.18825 1.20479 1.16778 1.17401 1.15391 1.13498 1.1622 1.16722 1.17685 1.18817 1.18281 1.19504 1.18112 1.16848 1.17079 1.19962 1.19031 1.14158 1.15586 1.15939 1.13805 1.14833 1.13436 1.16221 1.15599 1.14387 1.12621 1.12421 1.14231 1.13772 1.13913 1.11927 1.08357 1.1032 1.06511 1.07485 
1.18494 1.18501 1.16766 1.18702 1.16168 1.166 1.17944 1.20161 1.21275 1.20885 1.20416 1.19477 1.2581 1.26981 1.23691 1.25912 1.21113 1.25182 1.21765 1.21758 1.19921 1.22794 1.22298 1.23862 1.21652 1.25157 1.27151 1.22116 1.22519 1.2232 1.26002 1.24454 1.22305 1.2081 1.20679 1.21866 1.21391 1.22493 1.20696 1.19271 1.18129 1.19117 1.15346 1.16096 1.12236 1.14431 1.12289 1.09076 1.10076 
1.20222 1.21153 1.22123 1.20012 1.21495 1.20952 1.25373 1.2491 1.2579 1.25788 1.3055 1.30542 1.32957 1.32587 1.32314 1.31624 1.31571 1.32658 1.33894 1.33221 1.34214 1.30358 1.31014 1.3051 1.28331 1.30011 1.33332 1.31783 1.30209 1.28822 1.31349 1.31711 1.29628 1.29099 1.29248 1.28066 1.24599 1.26664 1.26554 1.23767 1.24136 1.21187 1.18572 1.18312 1.1858 1.16639 1.12322 1.11791 1.1457 
1.28797 1.28366 1.25366 1.24529 1.25483 1.29066 1.32095 1.33743 1.32498 1.3669 1.40579 1.41315 1.4106 1.4033 1.38284 1.39544 1.40907 1.3813 1.38571 1.39526 1.36729 1.35048 1.35906 1.37166 1.39104 1.39332 1.40359 1.38175 1.38417 1.38169 1.38653 1.41787 1.37181 1.41332 1.41563 1.39312 1.35595 1.38066 1.34984 1.29766 1.27888 1.26373 1.23029 1.24401 1.23918 1.19855 1.17628 1.10319 1.11166 
1.33449 1.31911 1.30433 1.36174 1.37459 1.38917 1.39639 1.4161 1.40214 1.42174 1.45088 1.4199 1.43957 1.45062 1.43824 1.39379 1.41701 1.41823 1.45649 1.42571 1.42006 1.42164 1.4385 1.43633 1.40467 1.44256 1.44278 1.43034 1.47349 1.47993 1.47974 1.50947 1.46645 1.44584 1.39949 1.41047 1.39981 1.39492 1.3791 1.35952 1.34694 1.33842 1.31002 1.289 1.24079 1.19045 1.18638 1.11489 1.13916 
1.34475 1.36312 1.36992 1.40788 1.41316 1.45049 1.44754 1.45877 1.47024 1.45186 1.4328 1.45982 1.48921 1.48332 1.47222 1.44379 1.47585 1.4894 1.46639 1.48593 1.48956 1.48113 1.49278 1.48603 1.46426 1.47445 1.47249 1.46944 1.48847 1.50855 1.51362 1.51002 1.51716 1.49719 1.44522 1.41868 1.44436 1.42726 1.41769 1.38814 1.38147 1.32168 1.32884 1.28427 1.27468 1.23159 1.19728 1.14721 1.17439 
1.38277 1.41212 1.42779 1.4123 1.45628 1.44621 1.48538 1.50157 1.49583 1.49239 1.47684 1.49937 1.50918 1.48915 1.4692 1.47704 1.52401 1.51211 1.47304 1.52074 1.52987 1.49739 1.49001 1.46997 1.4979 1.49659 1.48881 1.49025 1.50403 1.52133 1.53794 1.52079 1.51938 1.50229 1.45188 1.45654 1.43292 1.43338 1.40073 1.40624 1.3854 1.38426 1.3565 1.32885 1.30071 1.23408 1.2105 1.15956 1.16975 
1.39519 1.41573 1.42134 1.40788 1.43769 1.46464 1.47309 1.48484 1.50732 1.48441 1.5072 1.50392 1.4801 1.49649 1.47178 1.49488 1.52263 1.49621 1.48278 1.52734 1.53617 1.49744 1.48589 1.49999 1.50885 1.51714 1.50177 1.50184 1.49269 1.48958 1.54573 1.55597 1.54182 1.50417 1.49748 1.43608 1.42237 1.44078 1.42036 1.38926 1.38322 1.37682 1.32395 1.30766 1.30082 1.2479 1.19786 1.15728 1.16001 
1.41208 1.41355 1.42358 1.41158 1.39786 1.46271 1.4824 1.47278 1.48997 1.49184 1.48526 1.4956 1.48273 1.46457 1.45442 1.46358 1.46379 1.45832 1.49679 1.48383 1.50928 1.47807 1.47454 1.47224 1.46074 1.47121 1.44035 1.46515 1.45695 1.48072 1.53284 1.51027 1.50124 1.46189 1.45163 1.41977 1.39129 1.42046 1.42648 1.39028 1.38827 1.36413 1.33526 1.29985 1.25947 1.19447 1.20396 1.151 1.11884 
1.4152 1.34465 1.35289 1.35594 1.35843 1.35671 1.3807 1.38203 1.39742 1.41596 1.40534 1.38719 1.41103 1.41284 1.40357 1.40269 1.38144 1.37735 1.41072 1.4159 1.42028 1.43281 1.40846 1.42253 1.42286 1.39701 1.40571 1.38838 1.38039 1.41516 1.42923 1.40813 1.39749 1.37045 1.35656 1.32603 1.33405 1.34414 1.35483 1.37903 1.32674 1.28625 1.23691 1.24143 1.22687 1.17881 1.16074 1.14005 1.12602 
