1.51168 1.51152 1.51066 1.50848 1.50125 1.48808 1.47347 1.44499 1.40165 1.29462 1.18281 1.13358 1.06175 0.941948 0.855321 0.76648 0.700694 0.681547 0.628625 0.5195 0.330668 0.256992 0.167902 0.124619 0.0910273 -0.0331864 -0.104805 -0.160126 -0.219207 -0.223821 -0.229076 -0.234554 -0.279836 -0.577488 -0.676092 -0.680927 -0.685827 -0.688713 -0.690442 -0.693656 -0.76057 -1.03588 -1.13073 -1.14143 -1.14524 -1.15 -1.16072 -1.18632 -1.20953 
1.51339 1.53888 1.52504 1.53592 1.511 1.5076 1.46852 1.43836 1.40912 1.30528 1.19762 1.13276 1.03935 0.958037 0.870038 0.761155 0.701368 0.666082 0.607392 0.525156 0.367136 0.272559 0.172771 0.143023 0.0693585 -0.0486797 -0.131986 -0.161522 -0.204259 -0.236562 -0.224988 -0.240841 -0.296604 -0.518464 -0.651469 -0.713711 -0.712579 -0.697081 -0.692296 -0.71526 -0.751908 -0.961965 -1.12988 -1.14503 -1.1385 -1.16296 -1.1737 -1.14838 -1.10696 
1.51506 1.52532 1.56597 1.55895 1.5335 1.47949 1.46944 1.45782 1.41964 1.2915 1.19913 1.12187 1.06539 0.939292 0.814126 0.745189 0.707471 0.644786 0.622732 0.56004 0.410191 0.267471 0.164779 0.120854 0.0708876 -0.00497904 -0.133839 -0.16006 -0.210182 -0.228614 -0.255576 -0.261114 -0.319487 -0.504783 -0.639734 -0.680015 -0.706732 -0.732775 -0.734607 -0.745432 -0.815897 -0.970686 -1.07682 -1.14312 -1.1729 -1.21603 -1.22335 -1.22709 -1.12068 
1.51597 1.52426 1.56885 1.58547 1.54712 1.5151 1.51166 1.45144 1.41123 1.32334 1.23839 1.1406 1.0507 0.964809 0.836658 0.745037 0.668892 0.678312 0.635079 0.563965 0.42647 0.271188 0.190522 0.133314 0.0799586 -0.0417581 -0.132922 -0.19617 -0.241433 -0.232125 -0.240563 -0.285511 -0.387702 -0.546323 -0.651207 -0.686082 -0.698468 -0.760194 -0.765875 -0.852605 -0.99035 -1.13511 -1.17368 -1.20117 -1.22689 -1.25213 -1.25544 -1.25795 -1.10838 
1.51699 1.54249 1.5548 1.58065 1.54556 1.52791 1.49131 1.41425 1.37145 1.31671 1.21845 1.11776 1.0134 0.920032 0.87494 0.796905 0.710809 0.659447 0.622368 0.552906 0.378673 0.268663 0.21221 0.175616 0.082986 -0.0602789 -0.134684 -0.214504 -0.217927 -0.229045 -0.255244 -0.318434 -0.456499 -0.607068 -0.657719 -0.731275 -0.742577 -0.798774 -0.872616 -0.969743 -1.09752 -1.17496 -1.18389 -1.22269 -1.30134 -1.33546 -1.3503 -1.32215 -1.19209 
1.51786 1.52941 1.5514 1.59831 1.56398 1.5396 1.5049 1.40484 1.33694 1.28702 1.24807 1.1286 1.0055 0.917588 0.848841 0.81491 0.700355 0.641116 0.622844 0.516213 0.30756 0.213502 0.211708 0.148372 0.0854839 -0.0594998 -0.129682 -0.212389 -0.241235 -0.243043 -0.287961 -0.404637 -0.549692 -0.648784 -0.686759 -0.74627 -0.77603 -0.79733 -0.892316 -1.02596 -1.13818 -1.202 -1.19758 -1.28901 -1.36373 -1.39317 -1.39162 -1.37194 -1.23094 
1.51595 1.52044 1.5326 1.56892 1.52518 1.54698 1.48368 1.44322 1.39025 1.30875 1.26764 1.16616 1.07786 0.97165 0.861429 0.798649 0.680193 0.605752 0.602754 0.493441 0.322892 0.242571 0.237097 0.162684 0.0488262 -0.0969718 -0.17322 -0.237369 -0.254432 -0.281886 -0.326032 -0.442817 -0.559806 -0.61691 -0.700847 -0.716587 -0.771314 -0.825718 -0.948401 -1.03971 -1.15621 -1.20282 -1.24857 -1.33217 -1.37478 -1.39137 -1.41321 -1.39617 -1.24733 
1.51365 1.50059 1.53548 1.54995 1.52275 1.52306 1.52734 1.45464 1.40264 1.27538 1.23183 1.15176 1.08049 0.996897 0.893745 0.800532 0.659774 0.617157 0.579745 0.470352 0.361267 0.24689 0.192052 0.13452 0.0323381 -0.14361 -0.190465 -0.220959 -0.25225 -0.273457 -0.331694 -0.433426 -0.60589 -0.664173 -0.696449 -0.719881 -0.824388 -0.886616 -1.00178 -1.09235 -1.18152 -1.22614 -1.2963 -1.33482 -1.38141 -1.40371 -1.41434 -1.40286 -1.28485 
1.51112 1.50378 1.52263 1.53103 1.53055 1.50934 1.4972 1.44421 1.38631 1.28523 1.21026 1.17018 1.09529 1.00315 0.870402 0.788138 0.694326 0.652773 0.575768 0.477318 0.379386 0.271978 0.194007 0.111057 -0.0221007 -0.124399 -0.169912 -0.192221 -0.273803 -0.30086 -0.33839 -0.444167 -0.610213 -0.666801 -0.719666 -0.765133 -0.842826 -0.934707 -1.0202 -1.11166 -1.16901 -1.2264 -1.2759 -1.35797 -1.38652 -1.41272 -1.41625 -1.41052 -1.27973 
1.50774 1.48212 1.4919 1.50648 1.48863 1.51645 1.46841 1.44259 1.35311 1.27442 1.19007 1.13037 1.07527 1.01769 0.862916 0.776646 0.715214 0.632031 0.55787 0.47049 0.411288 0.293932 0.197494 0.127836 -0.0498043 -0.1331 -0.18622 -0.21295 -0.253214 -0.293546 -0.343929 -0.432665 -0.610879 -0.664439 -0.722911 -0.784335 -0.841393 -0.915263 -1.02667 -1.09517 -1.17175 -1.24846 -1.31023 -1.35681 -1.39627 -1.4452 -1.45797 -1.45336 -1.28843 
1.50532 1.50084 1.50085 1.53039 1.52471 1.50464 1.49884 1.43984 1.35341 1.24785 1.1941 1.15261 1.11948 1.00304 0.816015 0.74725 0.70971 0.639493 0.544687 0.493921 0.382953 0.306443 0.217434 0.148615 0.0147458 -0.114351 -0.192846 -0.231219 -0.238315 -0.326405 -0.39611 -0.464358 -0.588609 -0.67139 -0.711688 -0.775091 -0.857393 -0.949805 -1.03759 -1.14595 -1.19381 -1.27639 -1.3192 -1.35762 -1.402 -1.46201 -1.46267 -1.4317 -1.26495 
1.50768 1.50813 1.50049 1.49712 1.52605 1.51624 1.52804 1.46879 1.36175 1.25738 1.20462 1.16228 1.13576 1.03613 0.841551 0.766942 0.739006 0.653338 0.567222 0.506246 0.374294 0.310376 0.210245 0.152861 0.015759 -0.105236 -0.18786 -0.226587 -0.251089 -0.295827 -0.399335 -0.46729 -0.597548 -0.679644 -0.734785 -0.800108 -0.867607 -0.961777 -1.0411 -1.1455 -1.18881 -1.30087 -1.36295 -1.41994 -1.42904 -1.48112 -1.50664 -1.45869 -1.27036 
1.5113 1.48009 1.49068 1.50259 1.49866 1.50384 1.50997 1.45167 1.34365 1.28304 1.24019 1.17296 1.11922 1.01549 0.846083 0.748175 0.704774 0.629325 0.575767 0.510688 0.39326 0.243617 0.168155 0.147252 0.06354 -0.0695699 -0.15976 -0.223371 -0.231335 -0.302883 -0.429564 -0.510716 -0.625002 -0.68784 -0.737956 -0.797728 -0.884914 -0.961952 -1.05226 -1.09877 -1.20604 -1.3151 -1.37771 -1.42399 -1.46796 -1.4921 -1.4908 -1.47401 -1.28053 
1.51432 1.52273 1.55199 1.53904 1.50244 1.51985 1.49172 1.43195 1.31884 1.26715 1.2394 1.14172 1.08466 1.0035 0.872423 0.77493 0.71162 0.652021 0.595132 0.497464 0.358587 0.251125 0.183609 0.145022 0.0918475 -0.0727051 -0.157322 -0.223371 -0.24374 -0.325335 -0.455374 -0.534309 -0.610041 -0.674642 -0.73173 -0.809635 -0.892664 -1.02186 -1.06766 -1.13045 -1.20372 -1.30299 -1.39923 -1.41561 -1.49004 -1.50196 -1.49929 -1.46753 -1.30409 
1.51467 1.55488 1.56424 1.52429 1.50691 1.48539 1.4933 1.41031 1.35268 1.25286 1.1946 1.17941 1.09293 0.999214 0.86633 0.810987 0.724104 0.659309 0.56769 0.477166 0.366291 0.290533 0.198198 0.163761 0.0508425 -0.0830397 -0.140823 -0.234249 -0.202834 -0.281999 -0.441758 -0.537915 -0.649654 -0.664478 -0.739901 -0.807416 -0.93852 -1.0568 -1.06756 -1.1446 -1.20815 -1.29793 -1.41096 -1.45657 -1.47373 -1.4876 -1.4855 -1.47355 -1.31404 
1.51433 1.52639 1.52934 1.54368 1.5267 1.50979 1.51633 1.40908 1.33295 1.29182 1.18279 1.13489 1.03456 0.943127 0.85888 0.788158 0.699572 0.657818 0.596773 0.479549 0.332502 0.252753 0.228906 0.150297 -0.00490163 -0.0967281 -0.16711 -0.22365 -0.234697 -0.301362 -0.447928 -0.564999 -0.602966 -0.658359 -0.766114 -0.850182 -0.966393 -1.02496 -1.08865 -1.1463 -1.20374 -1.27416 -1.40915 -1.42436 -1.49092 -1.50508 -1.49886 -1.45426 -1.30981 
1.51406 1.4974 1.53187 1.52211 1.5201 1.53126 1.49925 1.46066 1.35729 1.27489 1.18828 1.17438 1.04381 0.934627 0.818221 0.769231 0.71203 0.629149 0.597604 0.490712 0.35755 0.309476 0.235831 0.164985 0.020347 -0.121117 -0.183783 -0.196275 -0.25268 -0.321869 -0.472586 -0.543101 -0.606693 -0.651885 -0.752189 -0.815627 -0.909131 -1.01324 -1.11462 -1.15571 -1.24 -1.3142 -1.40142 -1.44744 -1.49397 -1.48578 -1.51575 -1.46254 -1.32314 
1.51569 1.5278 1.51464 1.52277 1.50407 1.5184 1.49093 1.44944 1.35804 1.2471 1.15774 1.09166 1.01419 0.936521 0.826103 0.761099 0.69733 0.656854 0.614445 0.505957 0.382841 0.290199 0.236841 0.131988 0.0553467 -0.103088 -0.167163 -0.163932 -0.266879 -0.352198 -0.462476 -0.550274 -0.603466 -0.642204 -0.764562 -0.841808 -0.913326 -1.02249 -1.12071 -1.21032 -1.24244 -1.32658 -1.38988 -1.48681 -1.51456 -1.49832 -1.50667 -1.44952 -1.34302 
1.517 1.51728 1.54331 1.51378 1.52425 1.49001 1.45463 1.41227 1.34001 1.25305 1.15777 1.08215 1.00185 0.93731 0.808284 0.779067 0.675656 0.660261 0.571753 0.511617 0.384356 0.283018 0.223813 0.109564 0.0104042 -0.0853602 -0.150139 -0.19564 -0.250168 -0.368465 -0.455962 -0.565973 -0.598981 -0.659084 -0.737434 -0.840173 -0.931003 -1.02942 -1.10554 -1.17746 -1.2552 -1.3334 -1.39558 -1.46015 -1.48309 -1.49688 -1.48127 -1.46893 -1.33107 
1.51747 1.52949 1.53811 1.57321 1.52513 1.50061 1.45178 1.38923 1.31247 1.22654 1.20965 1.09661 1.03037 0.937827 0.837964 0.761331 0.680361 0.651823 0.558144 0.478963 0.361876 0.288593 0.225426 0.10955 0.0306687 -0.0358932 -0.182112 -0.193625 -0.278237 -0.386428 -0.473441 -0.552964 -0.57865 -0.65875 -0.761998 -0.842061 -0.952076 -1.06476 -1.11218 -1.14023 -1.24401 -1.35165 -1.39705 -1.43836 -1.45881 -1.49551 -1.49355 -1.45502 -1.3411 
1.5176 1.53012 1.57134 1.56331 1.53279 1.49242 1.47324 1.41233 1.28461 1.22598 1.18365 1.09251 0.983306 0.936579 0.860557 0.765676 0.697957 0.637191 0.578485 0.465759 0.371436 0.323852 0.221605 0.136602 0.0296239 -0.0970908 -0.154702 -0.212692 -0.272077 -0.352373 -0.48038 -0.534535 -0.613124 -0.677118 -0.78775 -0.838825 -0.96508 -1.07947 -1.13886 -1.18859 -1.22255 -1.33097 -1.42598 -1.45258 -1.47281 -1.51737 -1.50621 -1.46331 -1.31774 
1.5178 1.49968 1.55686 1.5639 1.53675 1.47605 1.48229 1.41073 1.299 1.21243 1.1384 1.09251 0.998873 0.933096 0.825231 0.749757 0.687637 0.660604 0.554524 0.422958 0.351633 0.293908 0.209979 0.127177 0.0381615 -0.108396 -0.176061 -0.198305 -0.254153 -0.360991 -0.456527 -0.539455 -0.625631 -0.694087 -0.75206 -0.838344 -0.946562 -1.0327 -1.11956 -1.18084 -1.25295 -1.34265 -1.41125 -1.45853 -1.48579 -1.48884 -1.49546 -1.49484 -1.31943 
1.51789 1.50701 1.5602 1.5425 1.54079 1.53286 1.48088 1.40744 1.293 1.22848 1.18084 1.04771 1.01015 0.924366 0.849071 0.733956 0.71061 0.633832 0.511775 0.408845 0.308147 0.2744 0.213768 0.141218 0.0343657 -0.083457 -0.135828 -0.178732 -0.29711 -0.344571 -0.45648 -0.548526 -0.607908 -0.660232 -0.752927 -0.799067 -0.929769 -1.06362 -1.09925 -1.15026 -1.25911 -1.3353 -1.39292 -1.4446 -1.45648 -1.5075 -1.49167 -1.47602 -1.35098 
1.51756 1.51782 1.53934 1.5462 1.5256 1.50612 1.47329 1.41192 1.26365 1.21298 1.18763 1.0938 0.993239 0.919367 0.836991 0.765273 0.693966 0.6422 0.546507 0.406122 0.321729 0.272902 0.196439 0.118225 0.0313516 -0.0596789 -0.141284 -0.222432 -0.287674 -0.361138 -0.493918 -0.573474 -0.638472 -0.679927 -0.7446 -0.806359 -0.920604 -1.02267 -1.08686 -1.15906 -1.25726 -1.33326 -1.40453 -1.46488 -1.48713 -1.51185 -1.50344 -1.45457 -1.33507 
1.51807 1.5507 1.54498 1.57169 1.57152 1.50903 1.48627 1.36867 1.29052 1.20012 1.16399 1.0773 0.996467 0.919671 0.809369 0.754588 0.673855 0.620523 0.525889 0.415442 0.313123 0.250216 0.184645 0.0937102 0.0336473 -0.0833853 -0.150679 -0.21786 -0.276118 -0.382166 -0.481427 -0.572221 -0.607171 -0.675416 -0.734492 -0.840772 -0.92827 -1.03484 -1.11262 -1.1668 -1.25472 -1.35388 -1.41159 -1.43097 -1.51309 -1.49039 -1.49713 -1.48701 -1.32132 
1.52025 1.53555 1.54212 1.57835 1.5466 1.51677 1.44997 1.37163 1.28676 1.21555 1.15562 1.07425 1.00094 0.905501 0.820122 0.726124 0.699122 0.637163 0.495836 0.390583 0.302999 0.22291 0.162866 0.119034 0.0285091 -0.0481635 -0.133296 -0.197168 -0.2645 -0.386268 -0.443822 -0.53221 -0.590146 -0.676908 -0.750347 -0.857247 -0.950396 -1.03647 -1.10118 -1.17209 -1.27204 -1.36325 -1.39992 -1.45176 -1.49963 -1.49205 -1.4943 -1.48824 -1.34302 
1.52146 1.5363 1.56173 1.5678 1.53263 1.49633 1.4583 1.39389 1.29652 1.23309 1.16392 1.06759 0.96773 0.858672 0.803676 0.715969 0.679962 0.597963 0.47913 0.380204 0.319359 0.20961 0.15473 0.0960484 0.0326407 -0.0564858 -0.15069 -0.254585 -0.316606 -0.394802 -0.460874 -0.529363 -0.571191 -0.684428 -0.742673 -0.868434 -0.950091 -1.06674 -1.09217 -1.1767 -1.25121 -1.33379 -1.39895 -1.46064 -1.50641 -1.50906 -1.54383 -1.50295 -1.37661 
1.51798 1.54846 1.56827 1.53963 1.51495 1.50347 1.45853 1.38969 1.28571 1.2242 1.1804 1.06923 0.987548 0.918477 0.818885 0.712065 0.68007 0.602178 0.467531 0.413334 0.33676 0.259954 0.19763 0.0954752 0.0185929 -0.0642985 -0.144026 -0.225111 -0.328395 -0.383943 -0.445795 -0.538895 -0.594164 -0.693278 -0.750717 -0.866898 -0.931802 -1.0136 -1.0955 -1.17698 -1.25028 -1.30966 -1.38194 -1.44313 -1.46408 -1.50949 -1.54633 -1.51354 -1.32513 
1.51317 1.50835 1.53422 1.53147 1.5267 1.4849 1.4316 1.3504 1.28171 1.20668 1.17042 1.0993 0.992597 0.909956 0.824158 0.755071 0.651649 0.569332 0.487435 0.404613 0.32617 0.304618 0.209148 0.115195 0.00184269 -0.0544926 -0.165826 -0.210283 -0.300248 -0.37005 -0.437373 -0.550509 -0.628097 -0.665494 -0.805961 -0.86044 -0.956924 -1.04305 -1.12086 -1.17182 -1.24164 -1.28985 -1.37048 -1.4509 -1.50856 -1.53158 -1.56497 -1.51568 -1.35744 
1.50792 1.50684 1.5507 1.52689 1.52272 1.4801 1.42458 1.37679 1.29727 1.18466 1.16028 1.0606 0.99271 0.899495 0.765379 0.7377 0.626668 0.565948 0.460523 0.394683 0.335473 0.260753 0.195107 0.0947204 -0.00768374 -0.087373 -0.127565 -0.232196 -0.285722 -0.323487 -0.466175 -0.543011 -0.607662 -0.650924 -0.783872 -0.854294 -0.95225 -1.06456 -1.13077 -1.161 -1.26413 -1.29245 -1.38486 -1.45803 -1.51125 -1.54781 -1.54957 -1.50103 -1.34146 
1.49211 1.50423 1.53902 1.52378 1.46622 1.44422 1.42295 1.40742 1.30209 1.23579 1.16356 1.08021 0.987856 0.887314 0.751891 0.746153 0.658814 0.609851 0.486112 0.393409 0.340056 0.277212 0.197224 0.0892897 0.00857569 -0.0806268 -0.147784 -0.222838 -0.282999 -0.332268 -0.435924 -0.54525 -0.604656 -0.646996 -0.748725 -0.842783 -0.954465 -1.06339 -1.1129 -1.19202 -1.27587 -1.31668 -1.40144 -1.45943 -1.49934 -1.51375 -1.53088 -1.50312 -1.33377 
1.46177 1.44976 1.47209 1.48744 1.46683 1.45405 1.40169 1.39682 1.29128 1.21358 1.17122 1.0713 1.00307 0.924094 0.800651 0.736185 0.697585 0.592831 0.480294 0.394969 0.312625 0.276443 0.20437 0.118821 0.0354437 -0.0694971 -0.18456 -0.221719 -0.290338 -0.344808 -0.445158 -0.558849 -0.60184 -0.701066 -0.768435 -0.869001 -0.925209 -1.03951 -1.11915 -1.17045 -1.25543 -1.32314 -1.381 -1.43103 -1.4775 -1.49123 -1.53379 -1.49451 -1.34087 
1.42925 1.45184 1.49523 1.47421 1.45741 1.4354 1.4201 1.37655 1.3063 1.21628 1.13862 1.08282 0.999722 0.932801 0.814232 0.74553 0.669891 0.564648 0.486653 0.403145 0.356659 0.259287 0.173194 0.103639 0.0688924 -0.0423065 -0.149179 -0.237859 -0.313109 -0.35363 -0.442495 -0.5234 -0.616278 -0.68842 -0.777173 -0.905609 -0.951632 -1.02842 -1.12457 -1.1687 -1.26561 -1.34004 -1.39144 -1.39213 -1.44955 -1.50504 -1.5246 -1.49474 -1.34235 
1.42787 1.44838 1.43878 1.48286 1.47967 1.44804 1.42266 1.39179 1.28742 1.24095 1.14322 1.05978 1.0073 0.929487 0.815779 0.733711 0.667127 0.565424 0.477557 0.426743 0.340443 0.242681 0.195348 0.115765 0.0445582 -0.0680096 -0.151793 -0.249894 -0.31042 -0.371752 -0.469267 -0.554107 -0.601908 -0.665854 -0.788742 -0.870267 -0.940938 -1.03659 -1.1129 -1.16243 -1.27401 -1.36797 -1.39399 -1.43248 -1.46802 -1.50622 -1.52563 -1.4823 -1.33863 
1.42725 1.44867 1.47837 1.49428 1.47945 1.41577 1.38875 1.35942 1.30353 1.23318 1.15926 1.05803 0.994182 0.897269 0.808775 0.763064 0.676536 0.597992 0.523013 0.392622 0.3212 0.248741 0.19587 0.144797 0.00657643 -0.074141 -0.140371 -0.212871 -0.298328 -0.372499 -0.486378 -0.565557 -0.608831 -0.66478 -0.76684 -0.882656 -0.958423 -1.02566 -1.11124 -1.16779 -1.23109 -1.34456 -1.41613 -1.44409 -1.47527 -1.52297 -1.52733 -1.53709 -1.35854 
1.42678 1.44519 1.46985 1.48713 1.45814 1.43549 1.40081 1.38985 1.28531 1.20407 1.16086 1.07789 0.992719 0.927137 0.793811 0.729968 0.658945 0.571595 0.512418 0.401524 0.343225 0.263339 0.198872 0.130341 -0.00543918 -0.0415612 -0.15286 -0.220943 -0.277199 -0.406801 -0.455993 -0.557601 -0.598788 -0.678199 -0.778163 -0.873831 -0.918647 -1.0486 -1.10494 -1.16025 -1.2503 -1.35431 -1.40397 -1.46592 -1.49345 -1.50533 -1.53137 -1.49095 -1.35052 
1.42644 1.43687 1.48692 1.50596 1.48516 1.43876 1.42006 1.36536 1.28669 1.21666 1.15007 1.07827 1.0315 0.922875 0.835521 0.695974 0.633892 0.582522 0.485594 0.379727 0.29425 0.263147 0.213279 0.118933 0.0288031 -0.0491231 -0.174764 -0.20009 -0.307161 -0.412026 -0.485025 -0.537116 -0.613638 -0.703824 -0.786534 -0.871776 -0.934425 -1.04201 -1.1033 -1.20793 -1.23016 -1.33286 -1.37441 -1.41749 -1.49589 -1.51552 -1.49347 -1.48847 -1.34845 
1.42603 1.40354 1.47032 1.4847 1.47273 1.44944 1.41253 1.35117 1.26367 1.22064 1.10333 1.08001 1.00213 0.940661 0.80811 0.716859 0.623334 0.595701 0.503209 0.388868 0.328241 0.232978 0.20431 0.119456 0.0266998 -0.0711289 -0.160122 -0.239028 -0.312913 -0.397768 -0.478506 -0.510825 -0.564006 -0.676748 -0.812464 -0.874267 -0.934211 -1.03639 -1.09763 -1.1675 -1.23934 -1.34471 -1.41354 -1.42617 -1.4672 -1.45448 -1.49807 -1.48165 -1.32323 
1.42549 1.43296 1.45912 1.4544 1.43494 1.41099 1.38433 1.34201 1.29499 1.21313 1.11694 1.04163 1.00716 0.903949 0.774427 0.722769 0.645977 0.592305 0.480454 0.325726 0.275462 0.280373 0.188507 0.13011 0.000601742 -0.0751067 -0.130633 -0.231145 -0.295056 -0.356388 -0.450458 -0.540938 -0.578759 -0.69628 -0.810839 -0.858593 -0.945316 -1.01308 -1.06894 -1.15169 -1.246 -1.33539 -1.4031 -1.41627 -1.4811 -1.49412 -1.46191 -1.43863 -1.33353 
1.42482 1.43621 1.44029 1.46826 1.40609 1.41925 1.36526 1.33685 1.25733 1.20688 1.13985 1.08586 1.01027 0.924853 0.767936 0.695061 0.647257 0.604454 0.476007 0.322725 0.266335 0.22438 0.177993 0.10415 0.0252548 -0.0921024 -0.163661 -0.240544 -0.296454 -0.361405 -0.456374 -0.553306 -0.605587 -0.671306 -0.793841 -0.854427 -0.942951 -1.02111 -1.05033 -1.15576 -1.2441 -1.34582 -1.3934 -1.43196 -1.47657 -1.48763 -1.50276 -1.50093 -1.35978 
1.42316 1.42439 1.42114 1.45351 1.42547 1.40845 1.37293 1.29404 1.25513 1.19483 1.16577 1.08655 1.00784 0.942537 0.769929 0.68397 0.628506 0.57473 0.468699 0.323246 0.254744 0.222255 0.207738 0.112878 0.0236585 -0.0503195 -0.165154 -0.229001 -0.308515 -0.359391 -0.435523 -0.536092 -0.619312 -0.713608 -0.788806 -0.87689 -0.937617 -1.03698 -1.09551 -1.16764 -1.24634 -1.31761 -1.3797 -1.42953 -1.46992 -1.48995 -1.45699 -1.45303 -1.34397 
1.42178 1.40841 1.41641 1.44238 1.41406 1.38285 1.34646 1.2868 1.23439 1.17498 1.11192 1.08863 1.03335 0.894278 0.734947 0.67786 0.642681 0.518709 0.419958 0.303979 0.26487 0.220508 0.16939 0.0939769 0.0195865 -0.0654198 -0.140001 -0.247286 -0.307691 -0.376161 -0.456865 -0.537471 -0.616373 -0.707628 -0.815822 -0.841021 -0.934749 -1.03496 -1.10366 -1.14803 -1.23434 -1.30566 -1.35058 -1.40651 -1.4447 -1.50032 -1.48523 -1.48672 -1.33186 
1.42056 1.44652 1.45418 1.42092 1.39428 1.37601 1.30214 1.26499 1.21433 1.15647 1.13976 1.082 1.00694 0.852444 0.721735 0.660337 0.605475 0.500528 0.398458 0.293285 0.22607 0.228173 0.177391 0.118383 0.0124083 -0.0819548 -0.165475 -0.252515 -0.337239 -0.360464 -0.451401 -0.534531 -0.607798 -0.711575 -0.820397 -0.871963 -0.932716 -1.03793 -1.09262 -1.14584 -1.25111 -1.29183 -1.3557 -1.42451 -1.42158 -1.49205 -1.48504 -1.46784 -1.30055 
1.41693 1.43366 1.45207 1.43025 1.37476 1.34748 1.26885 1.2453 1.20176 1.1499 1.10452 1.02907 0.998539 0.849929 0.700907 0.653663 0.584329 0.47404 0.381423 0.263989 0.21998 0.216763 0.167884 0.105516 -0.0116591 -0.106524 -0.185521 -0.242287 -0.344441 -0.375392 -0.455321 -0.523306 -0.616128 -0.695101 -0.833791 -0.90251 -0.960864 -1.02851 -1.08153 -1.18266 -1.26486 -1.26476 -1.37381 -1.41021 -1.4323 -1.44325 -1.42077 -1.41892 -1.29446 
1.40932 1.40034 1.39498 1.4114 1.3398 1.28246 1.24632 1.22189 1.17464 1.17034 1.10692 1.01035 0.947462 0.77128 0.66142 0.636682 0.519035 0.400614 0.316399 0.254415 0.218855 0.200373 0.166685 0.0995328 0.0222115 -0.114212 -0.165174 -0.249983 -0.343359 -0.362355 -0.407102 -0.51899 -0.618579 -0.695403 -0.801921 -0.849993 -0.973486 -1.02795 -1.08633 -1.16365 -1.22093 -1.27044 -1.35038 -1.42226 -1.42311 -1.44235 -1.43385 -1.42406 -1.29686 
1.29876 1.30773 1.35896 1.35228 1.31383 1.23722 1.19988 1.19 1.13141 1.14632 1.09138 1.03596 0.90091 0.741416 0.673858 0.599542 0.512862 0.380836 0.332642 0.294659 0.234151 0.211538 0.15642 0.100684 0.041541 -0.0735916 -0.183837 -0.241078 -0.327427 -0.371845 -0.453946 -0.506797 -0.596532 -0.720823 -0.785179 -0.873742 -0.918672 -1.05007 -1.1261 -1.19959 -1.23482 -1.27169 -1.30259 -1.36174 -1.40559 -1.4236 -1.44271 -1.40752 -1.26444 
1.24702 1.25398 1.27479 1.26801 1.23081 1.20907 1.15963 1.15304 1.12699 1.11443 1.0583 0.993215 0.842247 0.689674 0.659535 0.576691 0.442395 0.312252 0.285942 0.235563 0.233557 0.218107 0.14232 0.111798 -0.00498262 -0.0746199 -0.191826 -0.237603 -0.312987 -0.37661 -0.447049 -0.517902 -0.600814 -0.696457 -0.785977 -0.832887 -0.898646 -0.996618 -1.08854 -1.19509 -1.22975 -1.28362 -1.30158 -1.32358 -1.39762 -1.40343 -1.40497 -1.39017 -1.29836 
1.22283 1.17185 1.1441 1.17184 1.19025 1.14987 1.12302 1.11285 1.09769 1.09151 1.05563 0.951886 0.799724 0.67092 0.640342 0.524228 0.359309 0.284286 0.24955 0.207389 0.201416 0.166943 0.130064 0.0874162 -0.00734062 -0.0560438 -0.152058 -0.235675 -0.307042 -0.381079 -0.450716 -0.530044 -0.579608 -0.650955 -0.768341 -0.847607 -0.919283 -0.97247 -1.02125 -1.13288 -1.21963 -1.27173 -1.28781 -1.34972 -1.34147 -1.35317 -1.4044 -1.38626 -1.29421 
1.1653 1.09676 1.07429 1.09567 1.09263 1.07598 1.08117 1.06934 1.067 1.04116 0.988761 0.917789 0.769906 0.624389 0.619035 0.51311 0.314838 0.20399 0.20874 0.213575 0.212676 0.205912 0.156562 0.107362 0.0128022 -0.0759498 -0.133373 -0.218447 -0.312565 -0.356393 -0.436245 -0.480055 -0.590646 -0.639664 -0.75222 -0.811988 -0.893041 -0.967706 -1.01107 -1.08444 -1.1384 -1.1892 -1.22831 -1.24418 -1.25961 -1.28976 -1.30999 -1.34968 -1.2821 
